00000000
00000002
11110000
11111100
11111200
11111300
11111400
11111500
11111600
11111700
11111800
11112100
11112200
11112300
11112400
11112500
11112600
11112700
11112800
11113100
11113200
11113300
11113400
11113500
11113600
11113700
11119900
11121100
11131100
11141100
11151100
11161100
11170000
11171100
11171200
11179900
11180000
11181100
11181200
11189900
11211100
11221100
11230000
11231100
11811100
11999900
12110000
12111100
12111200
12119900
12121100
13110000
13111100
13120000
13121100
13121200
13130000
13131100
13139900
13141100
13150000
13151100
13151200
13159900
13160000
13161100
13161200
13169900
13999900
14110000
14111100
14999900
15110000
15111100
15111200
15120000
15121100
15129900
15999900
16111100
16121100
16999900
17110000
17111100
17119900
17120000
17121100
17121200
17999900
18111100
18999900
21111100
21999900
22111100
23111100
23120000
23121100
23121200
23121300
23129900
24111100
25111100
26111100
27110000
27111100
27111200
27111300
27111400
27119900
27999900
91711100
91981100
91991100
